Dimension                      Median
n = 30, m = 30                 15
Facility           Client          Transportation Cost      Preference
0                  0               714.0990814421641        5.390412466092245
0                  1               435.9026489715454        3.445763023671837
0                  2               676.3255029930084        8.339291424901418
0                  3               614.3743408258239        4.267478616361314
0                  4               356.25197959183515        4.085171555747076
0                  5               573.6899891453234        6.549303802017791
0                  6               461.60757116878165        3.7042059374713614
0                  7               221.23381011299045        5.654198561692429
0                  8               328.0961573503781        3.214163727619768
0                  9               564.6156298068463        6.007093608223343
0                  10               494.3403726436133        5.159051445916458
0                  11               562.3222501071905        4.133405083857654
0                  12               569.9195117172327        4.237738619727843
0                  13               597.422906103207        3.0920085546594853
0                  14               450.75149975657047        5.6318307778563
0                  15               184.99895288920754        5.345614961355961
0                  16               351.92932741857317        5.500820122826472
0                  17               497.9945927285914        4.808842960346928
0                  18               615.66093923935        6.768451535494589
0                  19               454.5212941797556        6.6456609494716625
0                  20               482.6155233296232        7.657366914535693
0                  21               526.7533371978074        4.592330402209301
0                  22               696.2742710676528        6.624370522452253
0                  23               267.2842992679778        7.646626766117978
0                  24               635.8104910577614        5.90087096532542
0                  25               663.5890433635545        6.632417313704454
0                  26               509.32367384265115        6.439313556187783
0                  27               532.70879966895        5.494706096598799
0                  28               529.251670850182        3.9123511109258002
0                  29               527.5555252071117        5.78083569240517
1                  0               495.58885685651944        4.4959397131357655
1                  1               613.2455634520592        4.823325870535105
1                  2               255.85584027434754        4.439872876595503
1                  3               636.7563336012624        6.7217542222295785
1                  4               513.5658854275227        5.662254171759375
1                  5               501.90833886126893        5.697108002116221
1                  6               500.53767210328033        5.002715432143924
1                  7               668.7645882314753        3.9926761773911137
1                  8               572.4516381602201        6.393603702975598
1                  9               704.1444898894493        5.8785860783231705
1                  10               543.3590015617626        6.441915129001482
1                  11               300.31500755024496        6.72993711968076
1                  12               725.3055544094719        6.572429323248491
1                  13               423.23216143923446        6.009693211066667
1                  14               842.6924774661927        4.848443615818537
1                  15               608.0389012099304        6.744866249712885
1                  16               419.6247390456314        5.0885760135947375
1                  17               785.9933476044251        4.907719518787041
1                  18               731.9917874618077        5.690456206338685
1                  19               457.3016575344544        4.596486049540868
1                  20               506.593464165518        5.928453991782857
1                  21               575.4942715974576        3.127976238195318
1                  22               796.8076741118875        6.013714176133115
1                  23               784.4886664953699        2.2044426170529645
1                  24               460.56269800120083        2.1496908739680145
1                  25               492.81551496595614        2.068358313684077
1                  26               669.1325374179423        3.8023875427717915
1                  27               456.44526626252775        5.411069960495147
1                  28               478.3424506873787        5.84337345278478
1                  29               530.3387512503714        6.008491693010555
2                  0               559.0431812508206        5.146907831144527
2                  1               584.6925372023036        4.6675672047194166
2                  2               707.603142027525        3.670755281643686
2                  3               574.6883826509221        4.882443436491158
2                  4               686.1817107585432        5.95841935999145
2                  5               685.4924031506065        3.960805900229679
2                  6               545.9254045673327        6.494762150434552
2                  7               788.2736264076726        5.173973507722469
2                  8               380.61012084874926        5.675450122577842
2                  9               683.5934238009183        6.375324575787464
2                  10               741.3638361875703        3.7183291932304177
2                  11               476.4046294668914        4.591413702300023
2                  12               460.9766564241866        5.890887225773868
2                  13               747.1150660313141        2.813645324744285
2                  14               256.32931113254307        7.156386141186365
2                  15               510.03158695397417        3.4854859461831738
2                  16               702.9311507382105        7.411856797062725
2                  17               656.4207559798792        4.606187341196834
2                  18               664.4789898414384        3.075957470565281
2                  19               605.9604227481672        5.564300568205719
2                  20               678.253399870639        4.368830727507944
2                  21               758.2574786360652        5.887972946387444
2                  22               499.4493597380798        4.940414113101776
2                  23               990.8985846191579        5.398490589761451
2                  24               734.0604908223288        5.517960911331382
2                  25               756.2564328691029        7.972838769252526
2                  26               457.3092344135796        5.009984578528417
2                  27               543.5834255095393        3.144108759864222
2                  28               597.9944255731785        7.473793710407239
2                  29               421.6726359729479        6.5418556638911225
3                  0               563.2904011894872        5.128008437157249
3                  1               234.4448257829705        5.661013199365631
3                  2               671.0600465657146        5.37464829120137
3                  3               532.1946885336304        5.58135412296092
3                  4               598.3533997566834        6.3815406138146535
3                  5               787.5141383534848        4.421642340393709
3                  6               449.7815483131871        4.260675686861117
3                  7               442.3195896294828        4.516724109871022
3                  8               462.7113566709344        2.8775402971568145
3                  9               464.05585394909485        7.481839589917135
3                  10               366.104465446041        5.086202316306165
3                  11               344.5852346105173        3.1624533179967997
3                  12               565.8249386291136        5.345428385009801
3                  13               732.1007541373586        5.084601327395312
3                  14               330.3807999423508        5.405479467608514
3                  15               427.3847497091392        5.89115193150659
3                  16               594.9864128241951        6.991310002879888
3                  17               776.1010578706567        7.897624229904948
3                  18               672.0581562374315        5.746417678469028
3                  19               468.40679369735864        7.19729871286098
3                  20               448.5266413447324        4.571004322567592
3                  21               532.7952631700426        1.8898219546591766
3                  22               664.7406856275877        5.345585441746531
3                  23               644.5505403175582        5.090876845581053
3                  24               502.50082861705755        4.063059586822309
3                  25               860.695419650988        6.376263868455273
3                  26               491.67658974403224        6.428565911196895
3                  27               777.2044763713956        7.079117336809838
3                  28               554.5795489547295        5.412111601343664
3                  29               877.272201257292        4.4191170961793835
4                  0               610.7905028627065        7.244707760987384
4                  1               680.7288110510177        4.864296863614377
4                  2               706.2381032963378        4.617417087528803
4                  3               650.8583978882536        8.225057806880269
4                  4               413.9970206586597        3.8238249496600747
4                  5               159.87646052699637        5.978452552207636
4                  6               506.51225091173217        1.331131094532929
4                  7               846.938896866703        7.839982280538813
4                  8               633.4710336320653        5.680138424570458
4                  9               699.2109659146179        3.30773149750912
4                  10               408.94518789214794        6.47052363927103
4                  11               469.47784907559765        8.570888257600151
4                  12               685.428255793046        5.729410759254725
4                  13               405.08099040282633        6.239782401235702
4                  14               639.720404094699        6.588789776784228
4                  15               598.4687986021158        4.256255316918422
4                  16               322.5280451621197        6.371477370322222
4                  17               160.5542487513958        6.657731461396586
4                  18               689.315233756106        4.365569135453114
4                  19               715.387699391993        3.4982483243759743
4                  20               632.0901003509795        5.977819433178023
4                  21               548.3070778744056        5.908030201834704
4                  22               327.60164653922914        3.9897966402106446
4                  23               589.5021648312402        6.584036382803715
4                  24               614.0764249147555        4.9135244137105305
4                  25               482.6752327506899        4.283563923888107
4                  26               384.6206049243122        4.551535176895778
4                  27               449.0227762339689        4.209713260609806
4                  28               607.4163040197992        8.06885795065848
4                  29               660.6805346874888        7.513175613100202
5                  0               515.3126290204569        6.430889858050619
5                  1               650.1663380246353        7.14477154398656
5                  2               418.2409754998941        6.464005399611366
5                  3               405.94103203293474        2.5075504291927637
5                  4               443.29927452936        5.7269601310038185
5                  5               403.2532306760098        6.581135122311482
5                  6               674.5238267463247        4.170832973609741
5                  7               563.2324464951904        3.9238357094237815
5                  8               712.5816222259068        4.2294793146254905
5                  9               670.8191625972178        4.927182160337507
5                  10               365.0573483320354        4.704913504228312
5                  11               682.2139252109315        2.713442561080203
5                  12               722.2521764955824        3.3613903578381414
5                  13               645.5728208787152        5.9359439821362425
5                  14               620.5599567122383        5.198212478729115
5                  15               842.306631698347        6.558633677147066
5                  16               237.13969085510746        5.32278387371808
5                  17               517.0645606097655        4.252073766466362
5                  18               662.830809292395        4.350696789109854
5                  19               430.94130252773584        5.18729552617202
5                  20               714.7607152139309        6.426357112432667
5                  21               366.45225215978553        7.668322978016641
5                  22               490.648984927914        5.500365636978264
5                  23               723.3106416876865        7.872377997832807
5                  24               373.16122224788785        6.185742738109783
5                  25               556.0794897273856        7.4559761181207875
5                  26               594.272611170443        6.4557266519608945
5                  27               725.7048155577122        7.458093856814411
5                  28               304.00342128445874        8.701379202651651
5                  29               434.1442613585062        6.321362905134505
6                  0               683.8467664418663        5.461237110133802
6                  1               724.54316428549        8.493955414804017
6                  2               557.6491255579332        4.958961151707205
6                  3               559.0255594001949        5.800620798634991
6                  4               409.87130685209553        6.946885161768311
6                  5               570.5954940726328        6.067796891385491
6                  6               713.1966536964269        4.253172185536171
6                  7               526.0365739459601        5.244007401369872
6                  8               614.1369690837706        5.124515491312623
6                  9               609.5797641140953        6.683655988900777
6                  10               469.5641452772356        4.947258770445134
6                  11               677.2528790747497        3.299511585528371
6                  12               761.1834900497514        2.4377696412310135
6                  13               453.430261230156        3.7571303560834926
6                  14               447.4679867604649        6.839841317564619
6                  15               392.57683478980937        5.907093863928128
6                  16               518.5792476719408        6.407832863893603
6                  17               489.627977898239        6.874500790809731
6                  18               494.43872489187623        6.960352980747285
6                  19               442.0936867964765        3.5430749387754767
6                  20               517.488717973372        7.419093656938051
6                  21               603.950698414418        2.045848351683102
6                  22               761.3016818357983        7.187096355552463
6                  23               554.2062901042473        4.04768070041347
6                  24               697.9234534075325        7.676236876949485
6                  25               570.2956328874236        5.770575910818268
6                  26               349.22912655886523        1.0
6                  27               677.4407272257357        7.269639939883184
6                  28               614.40789468684        3.3482100141983238
6                  29               701.6105985193872        3.378491203315324
7                  0               781.2591143338828        3.736544945488715
7                  1               598.153365812214        6.28272014254278
7                  2               495.5888659800397        5.280236435826213
7                  3               736.0806229829797        6.346289707503095
7                  4               442.8558002322448        3.678440817624061
7                  5               567.5728090063257        5.191882565773371
7                  6               549.7352062976091        6.557921151386965
7                  7               264.18548982695785        5.205609461822241
7                  8               592.7948478400889        4.441611046524466
7                  9               756.6228688898827        6.539848506666608
7                  10               602.6558044451402        4.410311886518041
7                  11               784.1299191076146        2.0038530855823815
7                  12               659.1471434020427        5.842273423735992
7                  13               759.1613752888962        5.9756681849432365
7                  14               442.71273926506467        4.8874646623624125
7                  15               655.9913876614573        4.894288544373835
7                  16               376.0316952753501        5.870250586180346
7                  17               586.644781567106        5.907179080027999
7                  18               492.4574100073858        7.248457548171605
7                  19               518.6653985074475        4.97957903609649
7                  20               480.7780514061329        4.913809330055879
7                  21               506.2287358587102        5.310337495029665
7                  22               542.5965948751692        6.928537740993367
7                  23               385.84239992830857        7.850290132226287
7                  24               635.3964640497902        6.628699482325066
7                  25               654.0222082398296        4.62750081436896
7                  26               726.108179326026        6.114719792008706
7                  27               245.96560354452635        7.788011701307344
7                  28               543.5984187880003        5.727990895797066
7                  29               565.5711416221172        4.558294286148229
8                  0               631.5569612938787        5.914533641464871
8                  1               381.35721237104644        7.6360235748885
8                  2               558.8028774492193        5.577116662095585
8                  3               673.5181623810317        1.397857118155713
8                  4               551.6265302047419        4.209577884794777
8                  5               577.7558802285264        3.141843613237716
8                  6               426.42513152212086        6.257466203515345
8                  7               545.6167996139602        5.090183387772886
8                  8               502.3328329205244        5.672218828707302
8                  9               584.1960191388877        5.200350330948132
8                  10               614.764123125092        5.8373997056997995
8                  11               629.5698702319172        3.410895975349782
8                  12               488.12915912253743        2.028897755640982
8                  13               252.79852361947263        7.365092250284195
8                  14               603.497088228213        6.176354411703677
8                  15               804.8621526959489        4.183595884045721
8                  16               447.9217607075298        3.9641972714186005
8                  17               497.1951167293213        5.6617561469881
8                  18               327.71594912461296        5.419067018888944
8                  19               588.6113428995253        5.194822505521239
8                  20               690.8055038395478        4.954281232329799
8                  21               459.33700527062365        4.640222935062073
8                  22               658.9021229878839        5.365523526495343
8                  23               654.5928817303289        5.609445415967577
8                  24               778.1358163199883        4.533687293717732
8                  25               701.4975507643549        6.17415639051213
8                  26               660.5734938922765        7.176968480439587
8                  27               840.3356569925595        2.254027200846643
8                  28               463.8248602777572        6.836421023016734
8                  29               401.42511428084697        6.264931936659447
9                  0               732.3660711607946        7.079866273951768
9                  1               495.5266214284271        8.394325848380067
9                  2               516.3016566281908        4.465155819847234
9                  3               857.7002353673377        4.728862433419143
9                  4               549.8486224060724        6.474249041166967
9                  5               827.0004076865298        5.987666251575541
9                  6               743.92298954852        6.319963735352943
9                  7               535.5730766387534        3.8201434037848863
9                  8               524.043597543394        4.58442598465142
9                  9               678.2742939211851        6.944892271713052
9                  10               495.55223867935786        6.260915563980406
9                  11               466.1679307021814        8.404144254283638
9                  12               706.1542025965323        2.7525814531605195
9                  13               413.07205000919        5.933964364670847
9                  14               312.53971131954165        5.027617525064157
9                  15               605.002458270256        3.845055310843629
9                  16               283.5029706353679        6.740261172448167
9                  17               372.1601830551974        7.9303291915789025
9                  18               572.7420229602075        3.509621920380114
9                  19               561.0598575269524        3.756748930700841
9                  20               255.31622466892475        5.390469726531165
9                  21               482.6420523523128        6.538610089221066
9                  22               491.8349250632742        5.282583269885951
9                  23               559.6810282321024        2.973524277758788
9                  24               389.3698309455849        4.6125536537438885
9                  25               388.2575914944356        5.198904674351551
9                  26               580.2062304078307        6.032021436951217
9                  27               480.29914157489293        6.705378480190216
9                  28               627.4824832261805        5.804562977066682
9                  29               475.8757546299201        4.362798843443615
10                  0               548.5645048336612        4.0449281110149515
10                  1               649.8218655143077        6.6533122340839395
10                  2               288.25791424100265        4.9929949051180795
10                  3               517.4324625681182        5.792801706041608
10                  4               807.4409914346186        5.621422743542025
10                  5               624.382952572143        4.213174747038835
10                  6               379.57927623481135        4.338138525343506
10                  7               398.0681184609589        5.038852396059856
10                  8               574.5688563036488        6.6656785213438425
10                  9               609.1099815261377        7.006876884521878
10                  10               415.56021577742933        5.02366817574521
10                  11               701.3544623201575        4.9856312339639235
10                  12               614.4526213283376        3.046280401064392
10                  13               437.5765397603339        5.63975346466277
10                  14               459.2231327975885        5.516429279642131
10                  15               445.41116793867025        5.807489370170264
10                  16               697.5590444891557        5.455597517610066
10                  17               575.6517273856        4.5989243274361575
10                  18               384.37028048188154        8.418696528980547
10                  19               640.8382718567792        5.797386617907898
10                  20               800.1544855907696        3.7216163495303265
10                  21               457.249880383754        4.428389128685195
10                  22               618.3591538284036        3.3877057049728627
10                  23               506.26432297763523        3.7704594047102598
10                  24               531.0054354380369        10.0
10                  25               688.9865311828203        6.395432987516066
10                  26               459.68431358402427        6.915992961877156
10                  27               422.0407178923799        4.129924320520002
10                  28               552.9267655621851        5.799787691525883
10                  29               785.3299544248258        3.817174766395306
11                  0               477.20887162158743        4.759374389860125
11                  1               530.224593679968        3.8390401402076124
11                  2               761.4737436989619        2.5560923499248718
11                  3               334.5157111904389        5.628421633297021
11                  4               858.2595119818568        5.747546336061194
11                  5               562.2329485906215        2.8477365322481956
11                  6               547.8609147080651        2.104803308641488
11                  7               611.5519662513923        5.938415511079156
11                  8               575.9482513800779        4.20786177175869
11                  9               407.72008078025965        4.72557191148247
11                  10               434.82208661460595        6.561356193949793
11                  11               580.7610550139126        4.050264262817541
11                  12               488.38277189820224        4.302903055401015
11                  13               808.4508258717003        4.879672825150374
11                  14               754.4935456663325        5.85163745759677
11                  15               499.709929249203        5.855715763910416
11                  16               618.2348928894525        5.1097904745603415
11                  17               556.1169252442926        5.710513886120082
11                  18               671.4799227907841        6.248539595227988
11                  19               325.9135468746159        5.73633206405297
11                  20               222.31643776190862        4.88774526831097
11                  21               649.7541873876373        5.258732372930166
11                  22               583.7625756355691        5.812130982302629
11                  23               350.05199605037194        2.903124762395207
11                  24               508.41317111723134        4.923056069854022
11                  25               742.0099719800462        3.087665192963486
11                  26               456.7540356082884        5.4817840759368375
11                  27               472.32781236145604        3.6739647717728268
11                  28               709.7175749927501        6.411816005689933
11                  29               627.106489325631        5.71023990847062
12                  0               631.8481677236153        7.100905064034153
12                  1               568.2085744125851        7.11186618314064
12                  2               528.40552193345        4.5577190044674785
12                  3               214.25745857263962        5.769958260309678
12                  4               498.9170894752436        5.475058839561189
12                  5               192.2471085100309        4.29237603679597
12                  6               662.7743173760124        2.4668810936239556
12                  7               466.4384965938346        5.6652185656943965
12                  8               554.8301011327485        5.799669103104794
12                  9               611.0618913106528        6.707261949895182
12                  10               771.0810845495594        6.037379331512806
12                  11               728.6230524219136        4.756155136134694
12                  12               438.0694197176062        4.490765183104742
12                  13               833.183750207342        2.908195066391146
12                  14               687.0470667111729        4.676220624300166
12                  15               546.282586453562        5.436566776776745
12                  16               596.8590028423108        6.600598882731474
12                  17               241.64985548979604        6.0026293434894225
12                  18               679.6174665381087        4.3505346086589105
12                  19               581.3919749489808        3.9977539808536378
12                  20               550.3157170149884        3.8894046543570697
12                  21               762.9356668091043        6.216881054582268
12                  22               346.38957773080904        4.203841791130291
12                  23               695.2680479025142        1.1535529137220912
12                  24               513.6169260889662        6.078651390884583
12                  25               555.3848774876604        6.952452462118093
12                  26               593.2645087941286        4.905776999297788
12                  27               351.40717179193746        4.094966704944487
12                  28               708.3413385213652        5.689081349620317
12                  29               969.7806918233539        7.405237139012618
13                  0               392.10545260441603        5.396266016339311
13                  1               494.37789926927206        5.264662575742263
13                  2               892.3306128606873        6.2366853510458276
13                  3               693.060766694662        2.3404997108628294
13                  4               550.8216128331096        4.007347989272929
13                  5               434.1411640736386        4.391651831578791
13                  6               340.69514927735383        6.0781132356716165
13                  7               743.8137323817518        6.243109665334121
13                  8               655.208616571189        3.830581209234505
13                  9               643.2884965488078        7.0673990250984495
13                  10               305.2523275081193        5.137657332070283
13                  11               550.9295664411306        4.506887249251896
13                  12               390.90629328834666        5.589297688107198
13                  13               685.8130739128961        9.019686216731813
13                  14               643.6657014205233        3.9181159216569847
13                  15               353.0447699120532        2.702238662161373
13                  16               350.98183472642853        6.308684675383438
13                  17               431.8129660892815        8.217145066423221
13                  18               547.7771645160027        5.493790713967367
13                  19               640.0076871941194        7.141628337845962
13                  20               948.0688609558368        6.572758951679118
13                  21               568.5164410822947        6.201940460062925
13                  22               520.069354634207        4.414026602411298
13                  23               515.3007221064499        3.639755573481416
13                  24               777.790462733489        5.204401767624379
13                  25               912.7905955871527        7.42342531784868
13                  26               489.49894584405837        4.275886436529806
13                  27               522.8534784742501        8.741782026323946
13                  28               381.45777626110555        5.9772860486061905
13                  29               499.3578990005439        3.5756440863014913
14                  0               473.9996755535017        5.855778557226326
14                  1               545.52211261363        7.147699358285755
14                  2               488.6705201255267        4.393550996987737
14                  3               574.6337771335121        2.4090620446459496
14                  4               530.885215717645        6.062640054795529
14                  5               801.4619045113982        4.50980535180392
14                  6               856.7178980889114        6.414546352917505
14                  7               568.6455413897012        3.560626070118598
14                  8               608.4810379362596        6.503021163818573
14                  9               388.351306459585        7.756105098584478
14                  10               567.6269494676919        5.3875344082627015
14                  11               610.1531006844543        5.5617535714397865
14                  12               771.5676547369244        5.402071721774176
14                  13               647.7160364250913        7.624406000677876
14                  14               619.3115041394896        8.643456936539573
14                  15               551.620415525952        7.661847030286041
14                  16               543.8058468959189        4.545767941961632
14                  17               483.5749732173599        5.877870828198583
14                  18               534.3342187783661        8.96386551810509
14                  19               770.087630651125        5.706994963938596
14                  20               247.37927277069014        3.2964416985951432
14                  21               671.7713911902279        6.250464136326004
14                  22               384.3712131845159        3.6686743412241585
14                  23               538.0766928932974        6.646439621316104
14                  24               691.8375656310294        6.789627421409927
14                  25               530.6671754885093        7.259073677173007
14                  26               582.1430641866269        1.4683352236386433
14                  27               766.7553802949222        5.700348693310924
14                  28               842.0631643202694        2.420808206654706
14                  29               471.12786394623174        5.20512227015692
15                  0               538.5211889393614        5.556627556260099
15                  1               370.25115405348527        4.279106238326077
15                  2               566.2474212324764        5.497951218108139
15                  3               356.6457918113814        5.290380049752732
15                  4               808.4535255557423        4.211058383548892
15                  5               528.1076964118865        6.045317429710834
15                  6               679.7706553919468        3.8940730301460134
15                  7               496.4205966802333        4.596985179381807
15                  8               477.6266019859007        5.59353165878979
15                  9               606.5320709321045        4.896183996727144
15                  10               694.4525599311592        3.793009508372746
15                  11               676.8059496281685        4.069403878025865
15                  12               335.78116288885894        3.446720158510427
15                  13               564.4910114986726        6.926062776117983
15                  14               566.2761049688268        5.750319615322286
15                  15               243.62547099187532        5.191732906147779
15                  16               454.30861259904225        4.825528751755433
15                  17               576.3728490327636        3.3043958759580985
15                  18               303.0826887276435        7.75491707633647
15                  19               626.1561529028234        5.305276156831883
15                  20               505.9050283896444        5.6736913520436305
15                  21               571.5269444277604        7.689955608245964
15                  22               662.5384037222229        6.8239307497492705
15                  23               529.9434104947718        3.344062301534427
15                  24               417.833344854797        7.703871083513648
15                  25               449.8784938788465        5.069050411081438
15                  26               840.4257797415145        3.146554175448753
15                  27               379.98388615069894        2.934120610843241
15                  28               633.6728729553809        3.064370182036432
15                  29               424.45463673251027        5.696171624254999
16                  0               515.729960646546        6.858917466676348
16                  1               684.6112128297746        5.1553192664474325
16                  2               581.7996657487423        5.762382638197337
16                  3               526.713691997361        4.761604133110721
16                  4               697.1526564843257        2.912173512134076
16                  5               436.90415881086165        6.460601256130594
16                  6               636.4619441943506        2.2692049298348245
16                  7               696.4706290272744        4.818929234226026
16                  8               505.7878474996835        4.194458197888166
16                  9               684.6865679428444        6.3167457362157755
16                  10               407.1304468056446        5.05658241972235
16                  11               619.8488162228176        5.13086335764822
16                  12               491.36568368166525        6.005372290515182
16                  13               677.8800052249392        7.0733712135595095
16                  14               642.3941685951434        5.937237339635253
16                  15               270.6904888322025        4.104523632107663
16                  16               571.3573916104476        4.933643747252004
16                  17               588.154962367899        3.587690869237587
16                  18               434.94995799836636        7.058006526092128
16                  19               676.5401508872926        5.433977754731869
16                  20               688.1600847694201        4.6066488772752905
16                  21               589.2686311377704        8.476720031858195
16                  22               567.9089691177404        4.860766835201614
16                  23               536.5696988114051        6.110156580973639
16                  24               758.9327539815713        5.733908425836492
16                  25               650.3274505380763        6.714253927397853
16                  26               706.9138406748136        6.065353914234058
16                  27               309.16690351654097        6.950716993209022
16                  28               849.6953593180301        6.812591774344809
16                  29               618.3091396369266        1.416773945572272
17                  0               402.86501054440384        4.215591235020055
17                  1               704.6927193262079        2.826335616843336
17                  2               485.35360533617893        6.4479415604098405
17                  3               575.0134496522982        3.9134357543029985
17                  4               475.71897123130714        4.602795176170386
17                  5               384.4653327571989        8.082101011731396
17                  6               506.1747367815184        6.106624353035803
17                  7               328.40778295877675        3.632995455426305
17                  8               429.31693297631534        4.184979431691179
17                  9               468.5722552383074        3.39237627035412
17                  10               420.15725630404813        5.726279790508023
17                  11               342.33703028378216        5.770974814033777
17                  12               572.6843200114282        4.406890524653464
17                  13               571.4315015790954        5.818202227549761
17                  14               455.75039428048        4.082743293220386
17                  15               573.8057931869041        8.961201097217003
17                  16               100.0        5.276968494573365
17                  17               622.9263223975036        7.653935099696969
17                  18               831.7109932668551        5.1979601339636865
17                  19               702.8811433045331        5.317895448586172
17                  20               601.2452286549438        3.5772505309465226
17                  21               792.6363570408614        7.983442168551172
17                  22               649.9373117217        4.730308737319189
17                  23               595.4332987913004        5.457562476555912
17                  24               763.6766901526381        3.80719944459206
17                  25               642.7639600579903        5.772654967637718
17                  26               630.4647872926381        5.7840220133926445
17                  27               549.8840093480743        7.763737246402591
17                  28               581.4535234392234        9.340781764234471
17                  29               736.3313143370883        4.2280466290439165
18                  0               664.9874634481642        7.9680833589201505
18                  1               450.8680246271343        6.428730380681159
18                  2               608.2330473847953        7.300395755080338
18                  3               322.727002382377        5.818910272647939
18                  4               466.6485073419234        4.6754654238812705
18                  5               334.41635080366314        7.637112395309993
18                  6               557.1636021697828        5.343249818572887
18                  7               569.2329713878        6.54826222143131
18                  8               576.9343229852165        6.708608172575734
18                  9               404.5690452751632        4.144796544181615
18                  10               979.3020591523011        4.645701785543954
18                  11               373.15176427174856        1.8119434561603383
18                  12               560.0141439572063        8.456137443599895
18                  13               585.7830187512521        5.596123442217744
18                  14               575.3721519955129        3.511927435597429
18                  15               747.9523184428554        6.467952237740184
18                  16               466.90285178213156        7.346032354469962
18                  17               490.63877648748684        5.750764732068213
18                  18               429.18901926714216        6.48365263354464
18                  19               575.0995893527523        9.486682192937819
18                  20               484.48115689209396        4.799276883186814
18                  21               834.7200495239416        4.675862587057111
18                  22               519.6832976153653        3.3008833691019226
18                  23               559.7423639971162        4.76556744784325
18                  24               641.0130957500295        5.105541184271621
18                  25               311.27304289328913        6.906618992351957
18                  26               631.9283675118821        5.3478633811250695
18                  27               399.32987018549795        5.928871636061775
18                  28               673.3223721914933        5.768919619896927
18                  29               461.06547136711083        6.462777631176873
19                  0               457.5380502154146        5.419123170666234
19                  1               406.4253233736745        5.910443798475115
19                  2               427.6386781327824        3.8904968364734804
19                  3               242.99714283689622        3.4759170443080905
19                  4               732.5681449125324        5.974246806663333
19                  5               726.2513175371835        6.117774402932213
19                  6               561.8229613607206        6.512582976279824
19                  7               436.75416802911246        5.6490842529837675
19                  8               694.7621262378337        6.767702244949609
19                  9               386.921049190637        3.532094808816302
19                  10               434.471454307851        5.470306916584109
19                  11               871.9396758666039        5.4208421879440625
19                  12               345.00425169430537        4.859524534449799
19                  13               674.0609245771212        4.042619945250623
19                  14               592.4952638162705        2.299410933951898
19                  15               605.2112944032558        8.045621564059044
19                  16               436.2568825372549        9.384021779345897
19                  17               476.31161506792733        4.620996846762354
19                  18               506.6450325299247        5.3465096362323195
19                  19               340.6747637603728        6.282806987155223
19                  20               157.9400569801225        7.09210381556605
19                  21               628.5221231433245        7.301993239502904
19                  22               485.0549719872393        5.7366884978488635
19                  23               634.75707566673        4.855167518629508
19                  24               457.7747774969958        5.791558726991953
19                  25               428.60336427371374        5.74092909971792
19                  26               764.5568946871732        4.318553105921107
19                  27               493.94601957058416        4.793018647884814
19                  28               694.7484734243603        4.1716723476585305
19                  29               768.4846429159118        1.733715311803544
20                  0               768.0367353031072        4.2917337720585405
20                  1               885.8720886945777        4.744440338555014
20                  2               670.1281744936371        4.953309592031672
20                  3               481.43513391369913        4.631077656655307
20                  4               582.0672927775636        6.4821151237071275
20                  5               289.64190169680484        7.205635804427246
20                  6               187.34088334570708        5.051276379513244
20                  7               253.10858912631846        5.8962703534237635
20                  8               413.7790628900168        5.7175445601917625
20                  9               512.4028713336138        8.978063656301327
20                  10               468.9060866098568        5.167510486468755
20                  11               530.9007688867741        6.992133849480862
20                  12               504.12854055990874        6.0986816989146835
20                  13               647.3579069900645        7.698768942730368
20                  14               492.2788688006905        5.814557343875301
20                  15               420.87591100604385        8.843253962869706
20                  16               627.1922380795428        5.272200107954897
20                  17               563.58177360479        3.856575634423993
20                  18               783.2300056068608        5.855181599617812
20                  19               608.9185830205483        8.458795915938316
20                  20               680.0227782364091        5.602663217180324
20                  21               522.3633988681383        5.2168393620878915
20                  22               554.6415757714838        6.270796168547965
20                  23               530.1902624408044        6.019414775571093
20                  24               503.56010776379145        5.49858048352166
20                  25               528.7726857546719        4.599921261033677
20                  26               701.8525072826887        5.779807138871904
20                  27               572.6939995825462        6.727720002695355
20                  28               544.4496431515444        8.687572211368693
20                  29               598.0760956836505        6.548322251172936
21                  0               547.7416585493578        8.574592123581638
21                  1               710.2902220704668        8.340853316331696
21                  2               579.3637522770019        5.25145704997875
21                  3               398.1207235089271        7.03426870065663
21                  4               598.351112443268        4.775722679274019
21                  5               467.914728937984        3.418502996830048
21                  6               443.0481010825129        6.923590006698561
21                  7               629.6251589675235        5.3557746838863105
21                  8               434.4095313432847        3.7523099550419787
21                  9               482.4628173351453        5.785790505292207
21                  10               410.84083405588905        6.587198582248598
21                  11               689.8145722239208        5.087487852922116
21                  12               468.0483847012191        4.180044062294886
21                  13               686.5427461926154        4.052745999767593
21                  14               540.4986092893117        6.090898840148624
21                  15               709.3460207528882        6.9858276075956445
21                  16               545.345836426666        4.458046566160554
21                  17               511.71653485637063        4.131081199891556
21                  18               691.6938621555242        5.925230418274722
21                  19               677.6242695894962        6.7962720505573
21                  20               584.8704025776549        7.33741399875989
21                  21               825.7452788767182        7.620151420810867
21                  22               210.97922123238465        8.509375870323186
21                  23               488.39819286844056        3.3258542841661427
21                  24               437.93783941709074        5.36478336015786
21                  25               582.0517085005005        6.026574999615469
21                  26               496.3315162076817        5.8302952856337855
21                  27               255.39318169448183        6.017147243478435
21                  28               782.927219850249        5.873696448878528
21                  29               713.851633268211        3.565108775334701
22                  0               361.13638917617857        5.422479660180436
22                  1               750.0646433543989        2.856418324801408
22                  2               504.05303321935344        9.419039491536154
22                  3               533.5663002374147        9.812066745771093
22                  4               365.98292310436983        6.656387860482151
22                  5               538.2418208883792        6.439960961387228
22                  6               547.8241127525688        5.0243743403571015
22                  7               433.4107478215495        5.1390599096795135
22                  8               561.5433672454889        5.47442050934739
22                  9               644.9459978356119        6.560632767625785
22                  10               337.55645954420424        5.038448433869733
22                  11               559.1781792665174        7.278890340818601
22                  12               494.641634123633        5.97919645261409
22                  13               516.9442492581657        4.948537359405191
22                  14               450.48109552486153        5.252982915462105
22                  15               505.86728699347134        5.116181548044477
22                  16               523.3322215101776        3.6255582967873785
22                  17               566.9785456382684        5.318603074496966
22                  18               479.53137222824523        4.529308223166386
22                  19               748.0055173449389        3.958424366941066
22                  20               517.5025467450726        5.31275568123075
22                  21               532.2802792901231        5.414170411567757
22                  22               633.8588547150886        5.455916828298916
22                  23               546.7957626489599        2.9781202198316836
22                  24               561.9476168809834        6.719271805819436
22                  25               624.092005465674        3.745029607205049
22                  26               347.68253443932963        7.770655649381705
22                  27               534.1565647965188        7.437410520612215
22                  28               639.2624185551829        7.0759709357448735
22                  29               573.321011225843        7.727195647624899
23                  0               752.1446239928982        5.820215267251889
23                  1               870.8722921247535        2.489598677369501
23                  2               370.6364614105004        6.2015041852849695
23                  3               415.30937919110215        6.157240540781819
23                  4               737.1790247562268        6.7016183517244405
23                  5               207.37460056904916        5.830321602267796
23                  6               681.951107386068        3.472543114858785
23                  7               466.4445138924299        3.434727336568039
23                  8               679.585124039168        7.6786482278900365
23                  9               524.1392061989422        8.509546758014672
23                  10               602.4930211591968        5.92038809158519
23                  11               457.43434390608695        4.475724301651516
23                  12               610.5989933955492        5.86785601883697
23                  13               402.50155586364156        3.966296131406641
23                  14               667.1832900576069        7.023731572775388
23                  15               853.3808167578347        7.976106952028262
23                  16               539.8371332918452        6.079808970803611
23                  17               755.2372505359912        4.228217746012245
23                  18               519.2910528374878        4.8336813746585205
23                  19               599.3335548724131        8.383985814967552
23                  20               666.7117418839223        6.406313200345492
23                  21               522.4812320302091        5.0911822988699225
23                  22               676.5673266746655        4.517815720469843
23                  23               576.3395039897589        5.674022644620695
23                  24               442.8754540490628        6.192478798875041
23                  25               100.0        4.386658537878384
23                  26               655.3288601161107        6.3668580807122
23                  27               463.0925031440444        6.974299439601242
23                  28               848.9751499628779        6.97006038526736
23                  29               446.68192753202493        5.06041856521778
24                  0               533.4448004177275        2.292472129960821
24                  1               465.34622167123837        3.131565903019934
24                  2               261.41313099505015        4.396358471416222
24                  3               570.1348184690347        5.931351347410624
24                  4               495.2931112658037        3.9696690154349357
24                  5               603.6471113812738        6.296881481485655
24                  6               373.06011244839027        7.609360512992341
24                  7               512.5112418341677        6.396284028196753
24                  8               558.185146617885        6.900225531640819
24                  9               489.63898256880276        2.238796582406121
24                  10               522.0446459543642        5.805511993087851
24                  11               619.8545388775829        4.716808710907676
24                  12               652.1383796743128        7.3721246496061505
24                  13               539.5544927602353        5.774276280630344
24                  14               657.1149881942168        5.3794851257663066
24                  15               606.579777168378        8.121399644797197
24                  16               660.5324141058853        5.927669190459664
24                  17               484.7299949174589        5.8196370389682714
24                  18               579.449486981035        5.7421669311839985
24                  19               600.6373557999365        3.355381664025388
24                  20               807.1810935931355        4.080491354555326
24                  21               594.7930357130782        4.149915422923431
24                  22               660.6005653043173        4.864970214011071
24                  23               528.8858756575062        5.878092802000919
24                  24               507.2479065777943        6.928850191170256
24                  25               356.80202991956935        6.433294388631424
24                  26               592.2432349644032        6.104604748827052
24                  27               463.84725068857847        3.101216958746484
24                  28               189.99345881591267        4.34583567556481
24                  29               681.0386609684879        6.0567659221089825
25                  0               642.5371362319415        3.898454026785561
25                  1               698.587682288632        6.960791802506151
25                  2               765.659321245874        6.040000547607603
25                  3               778.1533381075328        3.8048024567302545
25                  4               329.1688908755017        7.003305923572334
25                  5               664.5218834582066        4.669385822878109
25                  6               553.1672764881951        5.389585515216408
25                  7               404.78414832619615        6.59855084740458
25                  8               271.5586806450299        8.3257304331716
25                  9               497.005836018059        4.385047227354312
25                  10               628.5513217106529        2.3021346308794355
25                  11               532.4934632023381        4.103505877875666
25                  12               610.4682760381909        6.817852547236758
25                  13               754.8813627810173        3.5575247521147517
25                  14               648.7104549626555        6.549974862951172
25                  15               710.0799839994359        7.463248550637728
25                  16               402.3421656486948        3.5520381858388745
25                  17               465.0456418651826        8.046315130765105
25                  18               495.1750796794943        2.827515445013375
25                  19               638.6739920921457        4.42863119834291
25                  20               560.1992123581352        3.631891136803193
25                  21               493.4552636775553        3.516542113698807
25                  22               737.2409695739133        4.894649871102929
25                  23               641.3447953818865        6.996659581010657
25                  24               334.32983024596984        8.448724060529106
25                  25               523.8790811909503        7.218172072782956
25                  26               433.95285026709786        4.846723816970632
25                  27               778.0908350101977        4.3492286947231324
25                  28               505.07976691154744        4.426838958727134
25                  29               584.6711277831655        5.864712119988688
26                  0               428.7598169702988        8.768806970729774
26                  1               688.0098872348009        7.2332818148307645
26                  2               794.012262185289        1.5773854459910153
26                  3               672.2743750983084        7.851631515550149
26                  4               625.332680415227        4.401243884892601
26                  5               944.1531581919594        6.105963983200651
26                  6               369.2546938844863        4.9616131397934815
26                  7               555.6348448294152        3.251827226843515
26                  8               351.31047710911554        7.232621966376153
26                  9               465.6683989531052        7.350115823679848
26                  10               447.8349120202078        6.215682039656038
26                  11               515.4439347006117        5.1627220247193035
26                  12               242.45311887449054        6.9669992781382675
26                  13               512.090594024431        5.680483354843937
26                  14               426.4880902717366        5.262723557850299
26                  15               439.7259200828993        3.365294084693908
26                  16               413.14644733295086        5.368544690924829
26                  17               630.0436718445424        4.924373717418602
26                  18               683.0920078149207        6.305030528150697
26                  19               426.20647288594984        6.238261399240532
26                  20               649.722320265809        3.255699937289791
26                  21               516.9216246550543        6.746227816078214
26                  22               466.3312216743422        3.9684492569424927
26                  23               388.14773133961245        6.935433922045416
26                  24               586.6709912204783        4.48148916032463
26                  25               461.057641460666        5.165695105867528
26                  26               371.49265870161327        4.980109736666752
26                  27               518.977943102302        6.660079682190117
26                  28               498.41870425686955        3.832209423423313
26                  29               921.0383560508344        3.2939009579512333
27                  0               512.2100177415408        7.163135981390969
27                  1               696.7190754879374        6.095514341149634
27                  2               699.3192661344292        8.516525216101304
27                  3               371.5024198569838        3.6145451428189395
27                  4               296.2727965793457        4.3053182518799025
27                  5               481.22022251991694        3.36479719135169
27                  6               764.0737082141766        7.869652771615362
27                  7               363.84915462273875        6.220121908008705
27                  8               590.6590399040798        5.5809953709404105
27                  9               496.1589370743121        4.824896672181847
27                  10               726.4022671438231        6.349733187741062
27                  11               615.23645458348        6.1368826846495725
27                  12               504.4829494146247        4.263465822339905
27                  13               469.84667527170296        8.068353832222863
27                  14               476.4088556739679        8.43429161335305
27                  15               729.0446554508344        4.960220198709889
27                  16               768.9126336972539        4.77177223987197
27                  17               736.5032328133425        4.128218741686397
27                  18               262.5730562230351        6.525854528302065
27                  19               438.7081987136114        3.3363605155045373
27                  20               629.425274694059        8.374513819029922
27                  21               635.0334456067628        6.16343103509892
27                  22               446.33423592681953        7.227655212474363
27                  23               392.9877640263012        5.840427373141416
27                  24               552.9641168986807        6.78140654658838
27                  25               719.9705928033742        6.901294984018787
27                  26               661.3708791575515        4.049278390119704
27                  27               520.162529972505        3.768518100788018
27                  28               515.9310945711335        3.7163418275402833
27                  29               605.7948686116979        4.983932959101431
28                  0               738.1690969067713        3.3843997705706395
28                  1               571.0125956460296        5.738351100802102
28                  2               397.9999397338275        5.485253170444471
28                  3               649.4684461463048        6.828187009567662
28                  4               766.59170778938        4.122847386184329
28                  5               653.4292318775153        5.138947536956802
28                  6               412.31810731985763        4.324274452709409
28                  7               530.1433844036942        3.7488180907015947
28                  8               441.57940288040567        8.157374083450616
28                  9               735.1407815411496        7.293549227259946
28                  10               542.4742090729244        6.0485502678464025
28                  11               578.772354436407        6.277999771292842
28                  12               275.71274732967356        7.123420201490562
28                  13               621.8419508132503        5.694496801136552
28                  14               610.1610631969951        8.186667480479558
28                  15               301.2250083062305        3.721913638094885
28                  16               530.1835050362528        5.231191837854308
28                  17               509.3477366647067        5.531420322069893
28                  18               726.6404331640734        5.4344485469910735
28                  19               758.9518476020063        5.133124725875577
28                  20               460.5280710314096        7.517581713249379
28                  21               362.4220617283435        5.626768093191594
28                  22               569.0595704920627        4.830954397543987
28                  23               439.05713755981355        1.3860759103805016
28                  24               407.44879659995144        4.0771470376953705
28                  25               711.1227787070477        8.348860615488622
28                  26               814.0458848382746        6.018509924612612
28                  27               410.414438925341        8.21751352372252
28                  28               242.36834569925463        6.487331223170445
28                  29               283.33643871453535        4.855585901059131
29                  0               843.1726097516587        4.9903583263869455
29                  1               597.3589975612366        3.748144881909647
29                  2               383.9756990379653        3.7191914461969953
29                  3               631.5971181603363        4.945068190236268
29                  4               417.71387679086445        5.529390760184009
29                  5               718.6308971097053        4.491040446856799
29                  6               259.4847510733152        6.379914780192542
29                  7               485.18632634026307        6.687296932340752
29                  8               470.47279638022644        5.01783045101471
29                  9               534.2043261357986        6.526484925114806
29                  10               525.8672660920206        3.696011661653355
29                  11               541.0395110828323        6.697558294165377
29                  12               417.8997157777569        6.938189611644649
29                  13               625.5944548478601        4.354811058866815
29                  14               635.6873089772955        5.159319294975
29                  15               432.1328444134322        6.458547575654608
29                  16               480.4948607006125        5.342403245125095
29                  17               597.5735845606075        7.99773290585368
29                  18               521.6544155007712        6.137997174251222
29                  19               669.0408008457998        5.119944588263794
29                  20               590.932934227872        7.505456063759904
29                  21               724.9557340233389        4.714593011892543
29                  22               684.0089217236427        7.4044053012831945
29                  23               637.0489208386538        5.621658133032054
29                  24               559.6510932916867        5.2067262856349
29                  25               472.47058139847036        3.175302830061004
29                  26               500.5105508390469        4.82250433815059
29                  27               606.865897780927        8.075403618789878
29                  28               661.6709223843052        6.988519664564051
29                  29               823.4827352455811        5.262642809280656
